2 1 869 405 95 80 -1 -1 -1 -1 
2 2 713 383 65 68 -1 -1 -1 -1 
2 3 439 421 92 81 -1 -1 -1 -1 
2 4 775 477 137 210 -1 -1 -1 -1 
2 7 614 343 57 53 -1 -1 -1 -1 
2 8 760 277 33 22 -1 -1 -1 -1 
2 9 525 344 60 51 -1 -1 -1 -1 
3 1 878 418 101 85 -1 -1 -1 -1 
3 2 718 390 67 71 -1 -1 -1 -1 
3 3 424 436 96 86 -1 -1 -1 -1 
3 4 791 499 136 209 -1 -1 -1 -1 
3 7 613 353 58 53 -1 -1 -1 -1 
3 8 761 278 35 24 -1 -1 -1 -1 
3 9 519 350 65 55 -1 -1 -1 -1 
4 1 891 431 109 93 -1 -1 -1 -1 
4 2 720 398 72 76 -1 -1 -1 -1 
4 3 396 451 106 93 -1 -1 -1 -1 
4 4 811 524 127 191 -1 -1 -1 -1 
4 7 609 358 62 58 -1 -1 -1 -1 
4 8 763 280 40 27 -1 -1 -1 -1 
4 9 512 357 69 59 -1 -1 -1 -1 
5 1 905 448 112 94 -1 -1 -1 -1 
5 2 724 405 75 80 -1 -1 -1 -1 
5 3 379 466 118 104 -1 -1 -1 -1 
5 4 832 552 116 167 -1 -1 -1 -1 
5 7 606 364 68 63 -1 -1 -1 -1 
5 8 765 281 42 28 -1 -1 -1 -1 
5 9 507 366 69 59 -1 -1 -1 -1 
5 15 823 344 61 51 -1 -1 -1 -1 
6 1 920 463 122 103 -1 -1 -1 -1 
6 2 728 415 79 84 -1 -1 -1 -1 
6 3 353 482 132 115 -1 -1 -1 -1 
6 4 856 591 97 128 -1 -1 -1 -1 
6 7 605 371 71 67 -1 -1 -1 -1 
6 9 502 377 71 62 -1 -1 -1 -1 
6 15 827 349 64 53 -1 -1 -1 -1 
7 1 935 476 145 123 -1 -1 -1 -1 
7 2 734 425 85 92 -1 -1 -1 -1 
7 3 325 505 149 127 -1 -1 -1 -1 
7 4 883 633 73 86 -1 -1 -1 -1 
7 7 604 380 75 71 -1 -1 -1 -1 
7 8 773 289 43 29 -1 -1 -1 -1 
7 9 495 386 77 68 -1 -1 -1 -1 
7 15 834 357 62 52 -1 -1 -1 -1 
7 19 544 300 43 34 -1 -1 -1 -1 
8 1 958 499 155 132 -1 -1 -1 -1 
8 2 738 438 91 99 -1 -1 -1 -1 
8 3 297 532 171 144 -1 -1 -1 -1 
8 4 905 661 56 58 -1 -1 -1 -1 
8 7 604 394 75 71 -1 -1 -1 -1 
8 8 776 289 47 33 -1 -1 -1 -1 
8 9 484 397 83 74 -1 -1 -1 -1 
8 15 842 363 69 58 -1 -1 -1 -1 
8 19 540 302 50 39 -1 -1 -1 -1 
8 20 726 345 59 51 -1 -1 -1 -1 
9 1 981 524 172 146 -1 -1 -1 -1 
9 2 745 453 96 104 -1 -1 -1 -1 
9 3 286 559 175 148 -1 -1 -1 -1 
9 7 602 403 84 79 -1 -1 -1 -1 
9 8 778 291 51 36 -1 -1 -1 -1 
9 9 478 411 82 74 -1 -1 -1 -1 
9 15 850 372 73 62 -1 -1 -1 -1 
9 19 538 304 54 43 -1 -1 -1 -1 
9 20 728 351 62 54 -1 -1 -1 -1 
9 21 709 311 52 38 -1 -1 -1 -1 
10 1 1013 549 181 153 -1 -1 -1 -1 
10 2 750 468 105 115 -1 -1 -1 -1 
10 3 272 594 156 125 -1 -1 -1 -1 
10 7 597 413 90 87 -1 -1 -1 -1 
10 8 783 296 50 35 -1 -1 -1 -1 
10 9 467 422 90 81 -1 -1 -1 -1 
10 15 857 381 78 65 -1 -1 -1 -1 
10 19 536 305 56 46 -1 -1 -1 -1 
10 20 732 359 63 54 -1 -1 -1 -1 
10 21 712 317 52 38 -1 -1 -1 -1 
11 1 1056 584 165 135 -1 -1 -1 -1 
11 2 757 488 112 123 -1 -1 -1 -1 
11 3 262 631 128 88 -1 -1 -1 -1 
11 7 594 424 95 92 -1 -1 -1 -1 
11 8 788 301 49 35 -1 -1 -1 -1 
11 9 448 435 101 91 -1 -1 -1 -1 
11 15 865 387 87 71 -1 -1 -1 -1 
11 19 531 308 62 50 -1 -1 -1 -1 
11 20 734 360 69 61 -1 -1 -1 -1 
11 21 707 320 60 44 -1 -1 -1 -1 
12 1 1103 621 136 98 -1 -1 -1 -1 
12 2 761 508 133 147 -1 -1 -1 -1 
12 3 246 650 131 69 -1 -1 -1 -1 
12 7 590 440 104 102 -1 -1 -1 -1 
12 8 792 305 51 37 -1 -1 -1 -1 
12 9 430 451 115 105 -1 -1 -1 -1 
12 15 876 399 93 76 -1 -1 -1 -1 
12 19 527 312 64 54 -1 -1 -1 -1 
12 20 737 367 73 65 -1 -1 -1 -1 
12 21 709 323 62 46 -1 -1 -1 -1 
13 1 1122 638 140 81 -1 -1 -1 -1 
13 2 772 533 144 162 -1 -1 -1 -1 
13 7 586 457 111 110 -1 -1 -1 -1 
13 8 798 309 50 36 -1 -1 -1 -1 
13 9 416 473 123 113 -1 -1 -1 -1 
13 15 891 413 95 78 -1 -1 -1 -1 
13 19 523 320 62 52 -1 -1 -1 -1 
13 20 741 373 78 70 -1 -1 -1 -1 
13 21 714 330 61 46 -1 -1 -1 -1 
13 23 573 253 42 38 -1 -1 -1 -1 
14 2 794 567 134 148 -1 -1 -1 -1 
14 7 581 479 120 120 -1 -1 -1 -1 
14 8 804 312 52 38 -1 -1 -1 -1 
14 9 383 496 138 125 -1 -1 -1 -1 
14 15 904 425 106 87 -1 -1 -1 -1 
14 19 518 327 61 52 -1 -1 -1 -1 
14 20 748 385 77 69 -1 -1 -1 -1 
14 21 716 335 65 49 -1 -1 -1 -1 
14 23 574 257 39 35 -1 -1 -1 -1 
14 25 631 275 33 23 -1 -1 -1 -1 
14 26 1110 377 113 58 -1 -1 -1 -1 
14 27 759 273 26 24 -1 -1 -1 -1 
15 2 824 602 114 117 -1 -1 -1 -1 
15 7 575 498 131 134 -1 -1 -1 -1 
15 8 808 317 55 41 -1 -1 -1 -1 
15 9 362 519 158 143 -1 -1 -1 -1 
15 15 919 441 114 94 -1 -1 -1 -1 
15 19 513 334 63 54 -1 -1 -1 -1 
15 20 751 392 83 76 -1 -1 -1 -1 
15 21 720 340 64 49 -1 -1 -1 -1 
15 23 571 258 40 36 -1 -1 -1 -1 
15 25 631 276 34 24 -1 -1 -1 -1 
15 26 1078 362 110 58 -1 -1 -1 -1 
15 27 758 272 32 29 -1 -1 -1 -1 
16 2 856 652 79 67 -1 -1 -1 -1 
16 7 570 523 138 142 -1 -1 -1 -1 
16 8 813 320 58 43 -1 -1 -1 -1 
16 9 348 550 166 152 -1 -1 -1 -1 
16 15 935 457 126 103 -1 -1 -1 -1 
16 19 508 340 64 55 -1 -1 -1 -1 
16 20 758 403 85 79 -1 -1 -1 -1 
16 21 720 342 70 55 -1 -1 -1 -1 
16 23 568 258 42 37 -1 -1 -1 -1 
16 25 629 276 38 28 -1 -1 -1 -1 
16 26 1050 352 105 56 -1 -1 -1 -1 
16 27 759 271 37 34 -1 -1 -1 -1 
16 29 694 258 36 41 -1 -1 -1 -1 
17 2 866 670 78 49 -1 -1 -1 -1 
17 7 567 549 149 155 -1 -1 -1 -1 
17 8 818 324 63 47 -1 -1 -1 -1 
17 9 341 582 151 137 -1 -1 -1 -1 
17 15 952 471 146 119 -1 -1 -1 -1 
17 19 502 345 68 60 -1 -1 -1 -1 
17 20 764 411 90 84 -1 -1 -1 -1 
17 21 723 345 70 56 -1 -1 -1 -1 
17 23 567 258 43 38 -1 -1 -1 -1 
17 25 624 275 45 33 -1 -1 -1 -1 
17 26 1028 336 99 54 -1 -1 -1 -1 
17 27 762 272 39 34 -1 -1 -1 -1 
17 29 696 257 37 43 -1 -1 -1 -1 
17 31 1068 265 48 31 -1 -1 -1 -1 
17 32 608 335 61 50 -1 -1 -1 -1 
18 7 580 586 129 131 -1 -1 -1 -1 
18 8 824 327 66 50 -1 -1 -1 -1 
18 9 344 631 112 88 -1 -1 -1 -1 
18 15 978 491 162 131 -1 -1 -1 -1 
18 19 493 348 71 63 -1 -1 -1 -1 
18 20 767 418 100 95 -1 -1 -1 -1 
18 21 727 348 71 58 -1 -1 -1 -1 
18 23 565 258 42 37 -1 -1 -1 -1 
18 25 620 274 49 36 -1 -1 -1 -1 
18 26 1011 323 86 47 -1 -1 -1 -1 
18 27 763 272 42 36 -1 -1 -1 -1 
18 29 696 255 39 45 -1 -1 -1 -1 
18 31 1056 260 42 28 -1 -1 -1 -1 
18 32 606 340 65 54 -1 -1 -1 -1 
18 35 978 268 37 35 -1 -1 -1 -1 
19 7 593 629 101 90 -1 -1 -1 -1 
19 8 833 332 68 53 -1 -1 -1 -1 
19 9 335 647 113 72 -1 -1 -1 -1 
19 15 1004 514 179 145 -1 -1 -1 -1 
19 19 485 354 73 66 -1 -1 -1 -1 
19 20 774 428 105 102 -1 -1 -1 -1 
19 21 730 353 74 60 -1 -1 -1 -1 
19 23 563 258 43 38 -1 -1 -1 -1 
19 25 620 274 52 39 -1 -1 -1 -1 
19 26 990 311 80 45 -1 -1 -1 -1 
19 27 765 272 45 39 -1 -1 -1 -1 
19 29 698 254 39 47 -1 -1 -1 -1 
19 31 1040 254 41 26 -1 -1 -1 -1 
19 32 605 344 69 58 -1 -1 -1 -1 
19 35 965 260 35 34 -1 -1 -1 -1 
19 36 896 270 38 25 -1 -1 -1 -1 
20 7 593 645 102 74 -1 -1 -1 -1 
20 8 840 338 71 56 -1 -1 -1 -1 
20 15 1015 525 187 151 -1 -1 -1 -1 
20 19 480 364 74 67 -1 -1 -1 -1 
20 20 781 443 113 110 -1 -1 -1 -1 
20 21 732 356 80 67 -1 -1 -1 -1 
20 23 564 261 41 36 -1 -1 -1 -1 
20 25 622 279 49 38 -1 -1 -1 -1 
20 26 976 303 71 40 -1 -1 -1 -1 
20 27 771 278 43 38 -1 -1 -1 -1 
20 29 699 258 39 46 -1 -1 -1 -1 
20 31 1031 250 39 25 -1 -1 -1 -1 
20 32 597 351 74 61 -1 -1 -1 -1 
20 35 956 256 32 31 -1 -1 -1 -1 
20 36 892 267 37 25 -1 -1 -1 -1 
21 8 848 345 74 58 -1 -1 -1 -1 
21 19 472 374 77 71 -1 -1 -1 -1 
21 20 793 458 119 118 -1 -1 -1 -1 
21 21 736 363 80 67 -1 -1 -1 -1 
21 23 563 265 39 35 -1 -1 -1 -1 
21 25 623 284 49 37 -1 -1 -1 -1 
21 26 963 298 65 36 -1 -1 -1 -1 
21 27 773 281 45 39 -1 -1 -1 -1 
21 29 702 264 37 43 -1 -1 -1 -1 
21 31 1020 245 38 25 -1 -1 -1 -1 
21 32 598 357 77 65 -1 -1 -1 -1 
22 8 857 354 79 61 -1 -1 -1 -1 
22 19 455 384 88 80 -1 -1 -1 -1 
22 20 802 478 136 137 -1 -1 -1 -1 
22 21 740 372 86 74 -1 -1 -1 -1 
22 23 558 265 47 41 -1 -1 -1 -1 
22 25 626 290 43 33 -1 -1 -1 -1 
22 26 948 290 63 37 -1 -1 -1 -1 
22 27 779 286 48 42 -1 -1 -1 -1 
22 29 705 269 35 42 -1 -1 -1 -1 
22 32 597 369 80 68 -1 -1 -1 -1 
23 8 868 363 85 67 -1 -1 -1 -1 
23 19 442 397 95 86 -1 -1 -1 -1 
23 20 814 503 149 153 -1 -1 -1 -1 
23 21 747 384 87 75 -1 -1 -1 -1 
23 23 556 269 46 41 -1 -1 -1 -1 
23 25 623 293 51 40 -1 -1 -1 -1 
23 26 938 286 59 34 -1 -1 -1 -1 
23 27 781 288 54 48 -1 -1 -1 -1 
23 29 705 271 39 47 -1 -1 -1 -1 
23 32 598 384 83 71 -1 -1 -1 -1 
24 8 879 375 89 71 -1 -1 -1 -1 
24 19 420 415 102 90 -1 -1 -1 -1 
24 20 829 534 158 163 -1 -1 -1 -1 
24 21 752 394 90 79 -1 -1 -1 -1 
24 23 550 274 50 44 -1 -1 -1 -1 
24 25 623 298 53 42 -1 -1 -1 -1 
24 26 926 281 57 34 -1 -1 -1 -1 
24 27 782 291 59 52 -1 -1 -1 -1 
24 29 705 272 43 51 -1 -1 -1 -1 
24 32 597 395 86 75 -1 -1 -1 -1 
25 8 891 386 94 75 -1 -1 -1 -1 
25 19 412 432 109 97 -1 -1 -1 -1 
25 20 864 563 150 154 -1 -1 -1 -1 
25 21 757 403 93 82 -1 -1 -1 -1 
25 23 547 280 49 43 -1 -1 -1 -1 
25 25 623 303 53 42 -1 -1 -1 -1 
25 26 912 275 57 35 -1 -1 -1 -1 
25 27 788 297 58 52 -1 -1 -1 -1 
25 29 707 274 44 53 -1 -1 -1 -1 
25 32 596 407 90 80 -1 -1 -1 -1 
25 44 678 223 36 29 -1 -1 -1 -1 
26 8 902 399 103 82 -1 -1 -1 -1 
26 19 381 448 125 109 -1 -1 -1 -1 
26 20 895 606 124 113 -1 -1 -1 -1 
26 21 761 414 99 88 -1 -1 -1 -1 
26 23 548 288 43 37 -1 -1 -1 -1 
26 25 623 310 54 45 -1 -1 -1 -1 
26 26 905 272 52 31 -1 -1 -1 -1 
26 27 794 302 59 54 -1 -1 -1 -1 
26 29 709 276 47 57 -1 -1 -1 -1 
26 32 589 420 98 88 -1 -1 -1 -1 
26 44 681 226 33 26 -1 -1 -1 -1 
27 8 914 411 115 92 -1 -1 -1 -1 
27 19 349 465 152 133 -1 -1 -1 -1 
27 20 904 619 127 100 -1 -1 -1 -1 
27 21 764 424 110 100 -1 -1 -1 -1 
27 23 544 295 44 38 -1 -1 -1 -1 
27 25 621 316 59 49 -1 -1 -1 -1 
27 26 899 267 48 30 -1 -1 -1 -1 
27 27 798 308 65 58 -1 -1 -1 -1 
27 29 712 283 45 55 -1 -1 -1 -1 
27 32 585 435 108 99 -1 -1 -1 -1 
27 44 681 231 33 25 -1 -1 -1 -1 
28 8 934 431 123 98 -1 -1 -1 -1 
28 19 325 491 167 147 -1 -1 -1 -1 
28 21 771 438 114 105 -1 -1 -1 -1 
28 23 538 296 51 45 -1 -1 -1 -1 
28 25 620 320 62 53 -1 -1 -1 -1 
28 26 885 261 45 28 -1 -1 -1 -1 
28 27 806 315 64 58 -1 -1 -1 -1 
28 29 713 287 47 57 -1 -1 -1 -1 
28 32 568 456 122 111 -1 -1 -1 -1 
28 44 678 232 37 28 -1 -1 -1 -1 
29 8 952 449 135 107 -1 -1 -1 -1 
29 19 291 524 182 158 -1 -1 -1 -1 
29 21 780 454 118 107 -1 -1 -1 -1 
29 23 534 301 52 46 -1 -1 -1 -1 
29 25 618 324 66 57 -1 -1 -1 -1 
29 27 810 319 72 65 -1 -1 -1 -1 
29 29 712 289 50 61 -1 -1 -1 -1 
29 32 568 476 134 124 -1 -1 -1 -1 
29 44 680 234 35 27 -1 -1 -1 -1 
30 8 971 468 151 121 -1 -1 -1 -1 
30 19 286 558 171 148 -1 -1 -1 -1 
30 21 786 468 127 118 -1 -1 -1 -1 
30 23 530 305 56 50 -1 -1 -1 -1 
30 25 618 332 66 60 -1 -1 -1 -1 
30 27 816 327 75 68 -1 -1 -1 -1 
30 29 713 291 54 66 -1 -1 -1 -1 
30 32 565 500 147 139 -1 -1 -1 -1 
30 44 688 232 32 25 -1 -1 -1 -1 
30 45 630 274 41 27 -1 -1 -1 -1 
31 8 996 492 165 131 -1 -1 -1 -1 
31 19 285 602 143 117 -1 -1 -1 -1 
31 21 794 487 133 124 -1 -1 -1 -1 
31 23 526 310 56 51 -1 -1 -1 -1 
31 25 619 341 65 59 -1 -1 -1 -1 
31 27 821 333 78 72 -1 -1 -1 -1 
31 29 715 293 57 71 -1 -1 -1 -1 
31 32 562 527 159 156 -1 -1 -1 -1 
31 36 875 251 35 23 -1 -1 -1 -1 
31 44 685 236 34 27 -1 -1 -1 -1 
31 45 627 274 49 32 -1 -1 -1 -1 
31 46 2 161 119 35 -1 -1 -1 -1 
32 8 1019 514 204 163 -1 -1 -1 -1 
32 19 291 650 101 69 -1 -1 -1 -1 
32 21 801 505 154 146 -1 -1 -1 -1 
32 23 522 317 57 53 -1 -1 -1 -1 
32 25 617 346 70 65 -1 -1 -1 -1 
32 27 830 342 82 74 -1 -1 -1 -1 
32 29 718 297 58 71 -1 -1 -1 -1 
32 32 569 557 154 152 -1 -1 -1 -1 
32 36 873 250 35 23 -1 -1 -1 -1 
32 44 684 238 34 26 -1 -1 -1 -1 
32 45 616 278 53 34 -1 -1 -1 -1 
32 46 0 161 116 35 -1 -1 -1 -1 
32 47 1148 337 85 52 -1 -1 -1 -1 
32 48 558 273 43 34 -1 -1 -1 -1 
33 8 1065 553 194 154 -1 -1 -1 -1 
33 19 281 667 100 52 -1 -1 -1 -1 
33 21 812 528 170 162 -1 -1 -1 -1 
33 23 516 324 61 56 -1 -1 -1 -1 
33 25 615 358 72 67 -1 -1 -1 -1 
33 27 840 352 87 79 -1 -1 -1 -1 
33 29 725 315 53 63 -1 -1 -1 -1 
33 32 586 608 118 111 -1 -1 -1 -1 
33 44 683 238 37 29 -1 -1 -1 -1 
33 45 608 280 59 38 -1 -1 -1 -1 
33 47 1112 323 84 52 -1 -1 -1 -1 
33 48 553 278 44 34 -1 -1 -1 -1 
34 8 1114 599 158 120 -1 -1 -1 -1 
34 21 838 560 162 152 -1 -1 -1 -1 
34 23 510 331 62 58 -1 -1 -1 -1 
34 25 615 367 74 70 -1 -1 -1 -1 
34 27 851 360 92 84 -1 -1 -1 -1 
34 29 727 316 58 70 -1 -1 -1 -1 
34 32 606 661 78 58 -1 -1 -1 -1 
34 44 683 240 38 30 -1 -1 -1 -1 
34 45 604 281 63 40 -1 -1 -1 -1 
34 47 1088 315 79 49 -1 -1 -1 -1 
34 48 550 283 48 37 -1 -1 -1 -1 
35 8 1129 613 150 106 -1 -1 -1 -1 
35 21 867 594 138 124 -1 -1 -1 -1 
35 23 504 339 62 60 -1 -1 -1 -1 
35 25 615 380 75 73 -1 -1 -1 -1 
35 27 858 370 102 91 -1 -1 -1 -1 
35 29 728 319 60 72 -1 -1 -1 -1 
35 32 607 679 76 40 -1 -1 -1 -1 
35 44 684 244 37 28 -1 -1 -1 -1 
35 47 1067 307 75 46 -1 -1 -1 -1 
35 48 550 290 42 33 -1 -1 -1 -1 
35 50 625 289 51 41 -1 -1 -1 -1 
36 21 895 633 109 86 -1 -1 -1 -1 
36 23 498 347 65 61 -1 -1 -1 -1 
36 25 613 391 78 76 -1 -1 -1 -1 
36 27 871 383 108 98 -1 -1 -1 -1 
36 44 685 245 37 29 -1 -1 -1 -1 
36 47 1052 301 70 43 -1 -1 -1 -1 
36 48 547 295 42 32 -1 -1 -1 -1 
36 50 623 293 54 43 -1 -1 -1 -1 
37 21 924 677 71 42 -1 -1 -1 -1 
37 23 491 352 70 68 -1 -1 -1 -1 
37 25 610 401 83 82 -1 -1 -1 -1 
37 27 881 393 118 107 -1 -1 -1 -1 
37 44 687 248 35 27 -1 -1 -1 -1 
37 47 1032 295 66 40 -1 -1 -1 -1 
37 48 540 298 48 37 -1 -1 -1 -1 
37 50 625 300 53 41 -1 -1 -1 -1 
38 21 938 696 61 23 -1 -1 -1 -1 
38 23 483 363 73 71 -1 -1 -1 -1 
38 25 605 412 94 95 -1 -1 -1 -1 
38 27 899 409 130 117 -1 -1 -1 -1 
38 29 736 334 75 91 -1 -1 -1 -1 
38 44 686 248 38 30 -1 -1 -1 -1 
38 47 1016 287 63 39 -1 -1 -1 -1 
38 48 537 304 49 38 -1 -1 -1 -1 
38 50 624 306 55 43 -1 -1 -1 -1 
38 53 734 229 25 19 -1 -1 -1 -1 
39 23 473 374 76 75 -1 -1 -1 -1 
39 25 605 431 95 97 -1 -1 -1 -1 
39 27 920 430 136 122 -1 -1 -1 -1 
39 29 738 339 79 96 -1 -1 -1 -1 
39 44 684 248 43 34 -1 -1 -1 -1 
39 47 1002 284 58 35 -1 -1 -1 -1 
39 48 532 306 56 43 -1 -1 -1 -1 
39 50 621 312 60 48 -1 -1 -1 -1 
39 53 735 230 26 18 -1 -1 -1 -1 
40 23 461 384 84 83 -1 -1 -1 -1 
40 25 603 449 100 104 -1 -1 -1 -1 
40 27 940 449 150 134 -1 -1 -1 -1 
40 29 740 343 82 99 -1 -1 -1 -1 
40 44 684 249 44 36 -1 -1 -1 -1 
40 47 987 278 57 35 -1 -1 -1 -1 
40 48 526 310 59 46 -1 -1 -1 -1 
40 50 622 317 60 49 -1 -1 -1 -1 
40 53 737 231 25 18 -1 -1 -1 -1 
41 23 456 390 86 85 -1 -1 -1 -1 
41 25 601 467 106 112 -1 -1 -1 -1 
41 27 963 468 169 152 -1 -1 -1 -1 
41 44 684 250 44 37 -1 -1 -1 -1 
41 47 975 274 53 32 -1 -1 -1 -1 
41 48 522 316 59 48 -1 -1 -1 -1 
41 50 624 325 58 47 -1 -1 -1 -1 
41 53 738 232 25 18 -1 -1 -1 -1 
42 25 595 489 115 124 -1 -1 -1 -1 
42 27 987 493 190 168 -1 -1 -1 -1 
42 29 744 355 98 121 -1 -1 -1 -1 
42 36 856 246 38 25 -1 -1 -1 -1 
42 44 683 250 47 40 -1 -1 -1 -1 
42 47 963 268 55 34 -1 -1 -1 -1 
42 48 517 324 60 48 -1 -1 -1 -1 
42 50 620 330 63 51 -1 -1 -1 -1 
42 57 634 275 31 30 -1 -1 -1 -1 
42 58 1022 311 62 51 -1 -1 -1 -1 
42 60 1105 295 79 45 -1 -1 -1 -1 
43 25 584 512 136 150 -1 -1 -1 -1 
43 27 1022 521 202 175 -1 -1 -1 -1 
43 29 746 359 101 126 -1 -1 -1 -1 
43 36 854 245 38 26 -1 -1 -1 -1 
43 44 683 252 47 41 -1 -1 -1 -1 
43 47 954 265 51 32 -1 -1 -1 -1 
43 48 509 329 66 53 -1 -1 -1 -1 
43 50 617 337 68 56 -1 -1 -1 -1 
43 57 633 276 37 34 -1 -1 -1 -1 
43 58 1001 303 58 47 -1 -1 -1 -1 
43 60 1095 292 81 45 -1 -1 -1 -1 
44 25 585 549 134 148 -1 -1 -1 -1 
44 27 1072 565 179 150 -1 -1 -1 -1 
44 44 684 255 47 42 -1 -1 -1 -1 
44 47 939 259 48 30 -1 -1 -1 -1 
44 48 503 337 69 56 -1 -1 -1 -1 
44 50 615 343 72 60 -1 -1 -1 -1 
44 57 633 280 40 37 -1 -1 -1 -1 
44 58 985 296 48 40 -1 -1 -1 -1 
44 63 392 443 117 121 -1 -1 -1 -1 
44 64 749 239 31 22 -1 -1 -1 -1 
45 25 595 587 113 120 -1 -1 -1 -1 
45 27 1125 614 138 105 -1 -1 -1 -1 
45 29 758 388 119 148 -1 -1 -1 -1 
45 44 684 257 50 44 -1 -1 -1 -1 
45 48 496 343 72 60 -1 -1 -1 -1 
45 50 614 350 74 62 -1 -1 -1 -1 
45 57 633 286 40 36 -1 -1 -1 -1 
45 58 967 289 49 41 -1 -1 -1 -1 
45 63 369 464 133 136 -1 -1 -1 -1 
45 64 750 241 32 23 -1 -1 -1 -1 
45 65 547 291 48 34 -1 -1 -1 -1 
46 25 594 601 115 118 -1 -1 -1 -1 
46 27 1143 629 136 90 -1 -1 -1 -1 
46 29 760 393 123 153 -1 -1 -1 -1 
46 44 688 263 45 40 -1 -1 -1 -1 
46 48 490 352 72 60 -1 -1 -1 -1 
46 50 614 360 76 65 -1 -1 -1 -1 
46 57 631 292 44 39 -1 -1 -1 -1 
46 58 952 286 44 36 -1 -1 -1 -1 
46 63 339 487 143 147 -1 -1 -1 -1 
46 64 753 246 30 22 -1 -1 -1 -1 
46 65 544 299 47 34 -1 -1 -1 -1 
46 66 578 242 37 38 -1 -1 -1 -1 
47 29 771 415 137 173 -1 -1 -1 -1 
47 44 688 265 48 43 -1 -1 -1 -1 
47 48 483 360 74 63 -1 -1 -1 -1 
47 50 609 367 82 71 -1 -1 -1 -1 
47 57 631 296 45 40 -1 -1 -1 -1 
47 58 935 278 50 41 -1 -1 -1 -1 
47 63 305 516 165 169 -1 -1 -1 -1 
47 64 754 249 30 21 -1 -1 -1 -1 
47 65 537 302 56 40 -1 -1 -1 -1 
47 66 577 243 39 41 -1 -1 -1 -1 
48 29 781 432 151 192 -1 -1 -1 -1 
48 44 689 268 47 43 -1 -1 -1 -1 
48 48 473 369 82 69 -1 -1 -1 -1 
48 50 607 380 86 76 -1 -1 -1 -1 
48 57 627 299 54 47 -1 -1 -1 -1 
48 58 910 260 62 51 -1 -1 -1 -1 
48 63 292 545 162 166 -1 -1 -1 -1 
48 64 757 251 30 21 -1 -1 -1 -1 
48 65 531 302 63 46 -1 -1 -1 -1 
48 66 575 245 41 43 -1 -1 -1 -1 
48 68 1023 261 57 39 -1 -1 -1 -1 
49 29 790 453 162 206 -1 -1 -1 -1 
49 44 690 271 49 45 -1 -1 -1 -1 
49 48 465 379 86 73 -1 -1 -1 -1 
49 50 603 391 92 83 -1 -1 -1 -1 
49 57 624 304 61 54 -1 -1 -1 -1 
49 58 898 250 61 51 -1 -1 -1 -1 
49 63 287 595 132 124 -1 -1 -1 -1 
49 64 761 253 30 21 -1 -1 -1 -1 
49 65 526 307 67 49 -1 -1 -1 -1 
49 66 573 246 44 45 -1 -1 -1 -1 
49 68 1009 259 56 37 -1 -1 -1 -1 
49 70 819 221 47 26 -1 -1 -1 -1 
49 71 626 246 40 28 -1 -1 -1 -1 
50 29 799 473 178 228 -1 -1 -1 -1 
50 44 690 272 52 49 -1 -1 -1 -1 
50 48 452 390 91 78 -1 -1 -1 -1 
50 50 599 402 99 90 -1 -1 -1 -1 
50 57 624 309 65 58 -1 -1 -1 -1 
50 58 890 245 60 51 -1 -1 -1 -1 
50 63 290 648 88 71 -1 -1 -1 -1 
50 64 764 256 32 23 -1 -1 -1 -1 
50 65 523 312 66 49 -1 -1 -1 -1 
50 66 571 247 46 48 -1 -1 -1 -1 
50 68 998 254 56 37 -1 -1 -1 -1 
50 70 818 220 48 27 -1 -1 -1 -1 
50 71 623 247 42 30 -1 -1 -1 -1 
51 29 824 501 170 212 -1 -1 -1 -1 
51 44 692 274 53 50 -1 -1 -1 -1 
51 48 441 403 96 83 -1 -1 -1 -1 
51 50 594 415 107 100 -1 -1 -1 -1 
51 57 624 316 66 59 -1 -1 -1 -1 
51 58 883 242 56 49 -1 -1 -1 -1 
51 63 277 675 83 44 -1 -1 -1 -1 
51 64 765 258 37 25 -1 -1 -1 -1 
51 65 515 319 69 52 -1 -1 -1 -1 
51 66 570 248 48 51 -1 -1 -1 -1 
51 68 988 254 52 34 -1 -1 -1 -1 
51 71 622 249 43 30 -1 -1 -1 -1 
52 29 844 525 161 191 -1 -1 -1 -1 
52 44 695 279 52 50 -1 -1 -1 -1 
52 48 428 416 104 91 -1 -1 -1 -1 
52 50 590 428 115 110 -1 -1 -1 -1 
52 57 623 321 68 62 -1 -1 -1 -1 
52 58 880 243 48 41 -1 -1 -1 -1 
52 64 768 260 40 28 -1 -1 -1 -1 
52 65 510 325 72 55 -1 -1 -1 -1 
52 66 568 251 52 56 -1 -1 -1 -1 
52 68 979 251 49 32 -1 -1 -1 -1 
52 71 622 251 45 32 -1 -1 -1 -1 
53 29 875 556 149 163 -1 -1 -1 -1 
53 44 697 284 52 51 -1 -1 -1 -1 
53 48 409 433 117 103 -1 -1 -1 -1 
53 50 584 443 127 124 -1 -1 -1 -1 
53 57 621 329 73 65 -1 -1 -1 -1 
53 58 872 237 48 43 -1 -1 -1 -1 
53 60 971 250 47 26 -1 -1 -1 -1 
53 64 770 264 42 29 -1 -1 -1 -1 
53 65 506 333 73 57 -1 -1 -1 -1 
53 66 568 253 52 56 -1 -1 -1 -1 
53 68 969 248 48 32 -1 -1 -1 -1 
53 71 620 254 48 34 -1 -1 -1 -1 
54 29 912 608 116 111 -1 -1 -1 -1 
54 44 698 287 55 53 -1 -1 -1 -1 
54 48 388 454 126 110 -1 -1 -1 -1 
54 50 559 467 142 137 -1 -1 -1 -1 
54 57 620 338 75 69 -1 -1 -1 -1 
54 58 870 238 41 37 -1 -1 -1 -1 
54 60 959 245 45 26 -1 -1 -1 -1 
54 64 773 266 42 31 -1 -1 -1 -1 
54 65 502 342 74 58 -1 -1 -1 -1 
54 66 571 268 46 50 -1 -1 -1 -1 
54 71 621 258 48 35 -1 -1 -1 -1 
54 73 985 305 53 40 -1 -1 -1 -1 
55 29 962 663 75 56 -1 -1 -1 -1 
55 44 702 293 55 54 -1 -1 -1 -1 
55 48 353 472 149 130 -1 -1 -1 -1 
55 50 559 488 162 161 -1 -1 -1 -1 
55 57 618 347 78 72 -1 -1 -1 -1 
55 58 865 236 39 35 -1 -1 -1 -1 
55 64 779 271 38 28 -1 -1 -1 -1 
55 65 494 349 76 60 -1 -1 -1 -1 
55 66 570 272 47 51 -1 -1 -1 -1 
55 71 620 260 49 37 -1 -1 -1 -1 
55 73 966 297 52 40 -1 -1 -1 -1 
56 29 983 686 60 33 -1 -1 -1 -1 
56 44 705 298 57 56 -1 -1 -1 -1 
56 48 326 500 162 140 -1 -1 -1 -1 
56 50 560 519 169 173 -1 -1 -1 -1 
56 57 615 355 81 76 -1 -1 -1 -1 
56 58 856 232 41 37 -1 -1 -1 -1 
56 64 783 275 44 33 -1 -1 -1 -1 
56 65 489 359 77 63 -1 -1 -1 -1 
56 66 566 273 53 58 -1 -1 -1 -1 
56 71 622 267 45 33 -1 -1 -1 -1 
56 73 952 290 48 37 -1 -1 -1 -1 
57 44 706 302 59 59 -1 -1 -1 -1 
57 48 304 528 178 156 -1 -1 -1 -1 
57 50 569 553 154 159 -1 -1 -1 -1 
57 57 614 366 84 79 -1 -1 -1 -1 
57 58 852 233 37 34 -1 -1 -1 -1 
57 64 787 279 45 34 -1 -1 -1 -1 
57 65 481 368 80 66 -1 -1 -1 -1 
57 66 564 276 56 62 -1 -1 -1 -1 
57 71 620 271 47 35 -1 -1 -1 -1 
57 73 942 287 44 33 -1 -1 -1 -1 
58 44 710 313 55 55 -1 -1 -1 -1 
58 48 290 559 172 150 -1 -1 -1 -1 
58 50 584 590 128 129 -1 -1 -1 -1 
58 57 610 382 89 85 -1 -1 -1 -1 
58 58 846 226 37 35 -1 -1 -1 -1 
58 64 791 284 48 36 -1 -1 -1 -1 
58 65 469 379 87 72 -1 -1 -1 -1 
58 66 563 279 57 64 -1 -1 -1 -1 
58 71 620 274 49 38 -1 -1 -1 -1 
58 73 931 281 37 28 -1 -1 -1 -1 
59 44 710 318 61 61 -1 -1 -1 -1 
59 48 282 615 134 104 -1 -1 -1 -1 
59 50 582 603 132 116 -1 -1 -1 -1 
59 57 608 395 92 89 -1 -1 -1 -1 
59 58 842 224 34 32 -1 -1 -1 -1 
59 64 794 287 51 39 -1 -1 -1 -1 
59 65 461 392 88 73 -1 -1 -1 -1 
59 71 617 278 53 41 -1 -1 -1 -1 
59 73 919 273 37 28 -1 -1 -1 -1 
59 75 1032 289 66 38 -1 -1 -1 -1 
